*c1ccc(C(=O)c2ccc(*)cc2)cc1

['*', 'c', '1', 'c', 'c', 'c', '(', 'C', '(', '=', 'O', ')', 'c', '2', 'c', 'c', 'c', '(', '*', ')', 'c', 'c', '2', ')', 'c', 'c', '1']

tensor([   0, 3226,  438,  134,  438,  438,  438, 1640,  347, 1640, 5214,  673,
          43,  438,  176,  438,  438,  438, 1640, 3226,   43,  438,  438,  176,
          43,  438,  438,  134,    2,    1,    1,    1,    1,    1,    1,    1,
           1,    1,    1,    1,    1,    1,    1,    1,    1,    1,    1,    1,
           1,    1,    1,    1,    1,    1,    1,    1,    1,    1,    1,    1,
           1,    1,    1,    1,    1,    1,    1,    1,    1,    1,    1,    1,
           1,    1,    1,    1,    1,    1,    1,    1,    1,    1,    1,    1,
           1,    1,    1,    1,    1,    1,    1,    1,    1,    1,    1,    1,
           1,    1,    1,    1,    1,    1,    1,    1,    1,    1,    1,    1,
           1,    1,    1,    1,    1,    1,    1,    1,    1,    1,    1,    1,
           1,    1,    1,    1,    1,    1,    1,    1,    1,    1,    1,    1,
           1,    1,    1,    1,    1,    1,    1,    1,    1,    1,    1,    1,
           1,    1,    1,    1,    1,    1,    1,    1,    1,    1,    1,    1,
           1,    1,    1,    1,    1,    1,    1,    1,    1,    1,    1,    1,
           1,    1,    1,    1,    1,    1,    1])

torch.Size([175])


tensor([[ 0.1476, -0.0365,  0.0753,  ..., -0.0023,  0.0172, -0.0016],
        [-0.0605, -0.2937, -0.1863,  ..., -0.0825, -0.1324, -0.0515],
        [ 0.0815,  0.1033, -0.0632,  ...,  0.0426, -0.0103,  0.0075],
        ...,
        [ 0.0156,  0.0076, -0.0118,  ..., -0.0022,  0.0081, -0.0156],
        [ 0.0156,  0.0076, -0.0118,  ..., -0.0022,  0.0081, -0.0156],
        [ 0.0156,  0.0076, -0.0118,  ..., -0.0022,  0.0081, -0.0156]],
       grad_fn=<EmbeddingBackward0>)

torch.Size([175, 768])

embedding[0]
tensor([ 1.4758e-01, -3.6499e-02,  7.5317e-02, -3.5034e-02, -4.4006e-02,
        -2.2552e-02, -6.2683e-02, -5.7129e-02, -2.5375e-02, -6.4392e-03,
        -1.1215e-02,  1.4389e-02,  6.7558e-03,  2.7637e-03,  2.3392e-02,
        -3.7518e-03, -1.7975e-02, -8.8501e-03,  3.1799e-02,  3.6194e-02,
         1.0376e-02,  1.8860e-02, -4.8004e-02, -4.1016e-02, -1.0462e-03,
        -7.8125e-03,  3.1982e-02,  2.1606e-02,  4.9835e-02, -3.9124e-02,
        -7.7698e-02, -1.2115e-02, -4.2908e-02,  5.4901e-02, -2.7580e-03,
        -1.9287e-02,  3.8788e-02,  3.6072e-02,  4.4189e-02,  3.2410e-02,
        -2.1881e-02, -2.2079e-02, -1.7487e-02, -1.1041e-01, -2.3041e-03,
        -6.4240e-03, -7.8735e-03, -2.0172e-02,  5.1483e-02, -6.7688e-02,
        -5.2124e-02, -1.3611e-01,  5.8685e-02, -3.3081e-02,  1.6525e-02,
         7.0419e-03, -6.1981e-02, -5.1086e-02, -5.3358e-04, -9.0820e-02,
         1.7899e-02, -8.8074e-02, -3.1555e-02,  1.7822e-02, -3.4237e-03,
        -5.0537e-02, -1.8860e-02,  1.0445e-02, -3.8879e-02,  1.4076e-02,
        -2.1317e-02, -2.3819e-02, -5.0140e-02,  1.1452e-02,  2.5787e-02,
        -3.9597e-03, -2.4384e-02,  1.0049e+00,  3.4210e-02, -3.9642e-02,
        -3.4851e-02, -1.7975e-02, -6.2256e-01,  3.1174e-02,  1.0994e-02,
        -7.1640e-03, -4.6844e-02,  5.5267e-02,  5.6396e-02,  2.3605e-02,
        -3.9001e-02, -6.2744e-02, -3.4393e-02, -2.9938e-02, -4.7531e-03,
        -2.2964e-02,  2.3575e-03, -1.1591e-01, -1.1609e-01, -2.4002e-02,
         3.4180e-02, -2.7954e-02, -2.2461e-02, -1.2573e-01,  1.6342e-02,
        -7.3792e-02, -7.5722e-03, -3.4882e-02, -3.5431e-02, -2.7832e-02,
        -1.1768e-01,  3.8208e-02, -4.9934e-03,  6.9153e-02, -5.5023e-02,
        -3.0380e-02, -5.4352e-02,  7.6599e-03,  6.4392e-02, -8.2092e-03,
        -8.0505e-02,  4.6539e-02,  7.1945e-03, -3.0731e-02, -5.0354e-02,
        -1.0773e-02,  5.9068e-05, -1.6129e-02, -1.2527e-02,  1.3947e-02,
        -5.5969e-02, -1.2375e-02, -1.2108e-02,  2.2087e-03,  3.0991e-02,
        -1.5984e-03, -4.7394e-02,  1.1002e-02,  6.0463e-03,  5.3741e-02,
        -9.8206e-02, -4.5502e-02,  3.1677e-02, -1.9485e-02, -7.5562e-02,
         1.3159e-01, -3.7018e-02,  5.6061e-02, -3.6713e-02, -3.1174e-02,
         3.2593e-02, -3.4027e-02,  4.3121e-02, -2.9678e-02,  8.4534e-03,
        -3.7018e-02, -1.3847e-02, -3.2654e-02, -9.4414e-04, -3.0396e-02,
        -1.5182e-02,  2.5970e-02, -1.1597e-01,  3.9642e-02,  2.8229e-02,
         5.5084e-03,  2.9114e-02, -2.8397e-02, -1.6098e-02,  1.6661e-03,
         5.5046e-03,  4.6021e-02, -4.9072e-02,  8.5632e-02,  1.0445e-02,
        -8.0078e-02, -1.1940e-02,  3.0499e-03, -1.4252e-02, -1.0248e-01,
        -4.7455e-02, -6.3904e-02,  1.0841e-02,  5.6213e-02,  9.0408e-03,
        -6.9733e-03, -8.2764e-02,  4.2175e-02, -1.3718e-02, -2.0752e-02,
         5.6671e-02, -3.6865e-02, -5.5313e-03, -3.3142e-02,  2.2888e-02,
        -2.7039e-02,  5.3406e-02, -1.0468e-02, -2.1225e-02,  6.3721e-02,
        -6.9824e-02, -3.1433e-02, -5.8136e-02, -5.7739e-02, -6.5430e-02,
         5.8014e-02, -2.1500e-02, -8.3679e-02, -7.5317e-02,  9.5596e-03,
        -1.0712e-01, -3.5370e-02,  1.0394e-01,  3.0701e-02,  4.7989e-03,
         1.2955e-02, -3.7842e-02,  6.4795e-01,  1.3542e-02,  1.7468e-01,
         7.8186e-02, -4.2786e-02, -1.2787e-02,  3.4760e-02, -4.8126e-02,
        -3.9307e-02,  1.1627e-02,  9.4604e-02, -1.0509e-03, -6.1722e-03,
        -7.2327e-02, -3.7872e-02, -3.9917e-02, -3.6263e-04,  1.3496e-02,
         3.0579e-02, -2.2049e-02,  1.3513e-01, -5.5817e-02,  9.1003e-02,
         3.3752e-02, -6.3293e-02, -2.3239e-02, -1.9913e-02,  1.8129e-03,
         2.3849e-02, -3.4363e-02,  3.2227e-02, -6.9824e-02, -3.5645e-02,
        -3.1464e-02, -3.2135e-02, -3.0899e-02,  4.3030e-02,  9.7885e-03,
         5.2643e-03, -1.9608e-02, -6.2378e-02,  4.6120e-03,  2.2324e-02,
        -4.2236e-02, -2.6611e-02,  2.0218e-02, -1.0063e-02, -6.8932e-03,
         7.1907e-04, -6.6528e-02,  4.7211e-02, -5.7922e-02, -6.1768e-02,
        -1.9180e-02, -1.2329e-01,  1.4514e-01,  2.2934e-02, -4.9164e-02,
        -3.1433e-02,  3.3020e-02, -1.5556e-02, -4.2191e-03, -5.1147e-02,
        -2.7344e-02,  8.3542e-03,  8.0566e-03, -3.5004e-02,  8.3679e-02,
        -4.5105e-02,  3.2837e-02,  4.5746e-02, -2.9984e-02,  2.9724e-02,
         9.0332e-02,  2.9663e-02,  3.3116e-04, -5.4565e-02,  1.6413e-03,
         3.6835e-02, -7.4219e-02, -7.6111e-02, -1.4587e-02,  4.0771e-02,
         2.1011e-02, -2.7603e-02,  1.8219e-02, -3.3234e-02,  3.7048e-02,
         2.0187e-02, -7.2861e-03, -2.6855e-02, -6.9523e-04,  3.3752e-02,
        -3.8452e-02,  1.0033e-02, -8.2520e-02, -2.4155e-02,  4.2786e-02,
         2.9297e-02, -1.5495e-02, -4.1168e-02, -3.9246e-02,  2.5620e-02,
         5.9143e-02, -2.0984e-01, -3.6194e-02, -2.2781e-02, -6.3820e-03,
         6.3049e-02, -4.8401e-02, -3.0502e-02,  5.3925e-02,  1.0406e-01,
         2.3328e-01, -9.1980e-02, -1.1023e-01,  3.0045e-02, -3.5553e-02,
        -2.2400e-02, -8.9600e-02, -5.6793e-02, -2.9602e-02, -6.4898e-04,
        -4.8126e-02, -8.5526e-03, -5.2612e-02,  8.4717e-02,  1.5533e-02,
        -2.1545e-02, -4.5288e-02,  2.2522e-02,  1.5190e-02, -4.6906e-02,
        -1.1237e-01, -1.5717e-02, -4.3755e-03, -1.5236e-02, -3.8818e-02,
        -2.7054e-02, -4.6082e-02, -4.0680e-02,  9.4833e-03, -9.8343e-03,
        -2.8259e-02,  6.9695e-03,  1.0028e-01,  6.6147e-03,  4.7424e-02,
        -3.6869e-03,  8.7051e-03, -4.1016e-02, -5.5756e-02,  2.6951e-03,
         1.1664e-01,  7.4387e-03,  4.4678e-02, -2.0599e-02, -9.1858e-03,
        -1.9440e-02, -4.5654e-02, -1.5488e-02, -8.3542e-03, -3.3539e-02,
        -5.2490e-02, -3.8574e-02, -1.1887e-02, -1.5945e-02, -1.2558e-02,
        -2.1194e-02, -3.1403e-02, -1.9363e-02,  2.1496e-03, -8.3374e-02,
        -2.7039e-02,  1.4122e-02, -5.1758e-02, -6.3232e-02, -1.1310e-01,
         1.4595e-02, -3.7262e-02,  5.5908e-01, -2.5574e-02, -5.3864e-02,
         3.5156e-02, -8.7976e-05, -7.9117e-03,  4.6417e-02, -2.1698e-02,
        -2.9297e-02,  1.7490e-03, -1.5602e-02,  1.3618e-02,  5.3482e-03,
        -6.3416e-02, -3.1494e-02,  2.5463e-03,  2.6093e-02,  8.2922e-04,
        -6.5460e-03, -2.3849e-02, -2.8076e-02,  8.3313e-03,  5.5237e-03,
        -2.0645e-02,  2.2205e-01, -5.5176e-02, -3.5309e-02, -3.8544e-02,
        -4.9042e-02, -3.2349e-02, -3.3569e-02, -3.8208e-02, -4.8676e-02,
        -6.7062e-03,  4.8126e-02,  9.9869e-03,  5.2460e-02,  3.3760e-03,
         1.5282e-02,  2.9861e-02, -2.9648e-02, -7.4768e-02, -2.3529e-02,
         2.2614e-02, -2.3117e-02, -3.1113e-02, -6.2256e-02, -2.2095e-02,
         2.3529e-02, -1.0815e-03, -6.6162e-02,  1.1581e-02,  4.1382e-02,
        -7.1289e-02, -1.5697e-03, -3.7262e-02, -9.9951e-01,  2.8717e-02,
        -1.5271e-01,  3.6255e-02, -5.1880e-02, -8.9661e-02, -5.1544e-02,
         1.9836e-02, -5.9296e-02, -7.0923e-02, -9.5215e-02, -4.7424e-02,
        -1.6678e-02,  4.1901e-02,  2.2168e-01, -3.3203e-02,  1.9363e-02,
         3.0182e-02,  1.3596e-02, -4.4922e-02, -6.2439e-02,  4.8431e-02,
         4.8256e-03, -6.6101e-02, -3.4199e-03,  4.4739e-02,  3.4729e-02,
        -3.5919e-02, -3.3508e-02,  1.8845e-02, -6.2164e-02, -1.9989e-02,
        -9.0866e-03,  4.9639e-04, -4.1351e-03, -1.2040e-05, -2.8748e-02,
         1.0358e-01, -2.0111e-02, -4.3854e-02,  4.4464e-02,  1.6406e-01,
        -5.3955e-02,  9.8779e-01, -1.8951e-02,  9.1675e-02,  1.2558e-02,
        -7.1106e-02,  1.8585e-02,  1.7822e-02, -5.4840e-02,  2.5314e-02,
         1.4503e-02, -1.4656e-02,  4.0894e-02, -8.6365e-03, -6.9458e-02,
         4.9248e-03,  2.1652e-02, -3.9398e-02, -9.5398e-02, -7.7759e-02,
        -1.7853e-02,  4.9164e-02,  9.8190e-03, -1.9028e-02, -3.6957e-02,
        -3.8605e-02,  3.1342e-02,  1.3451e-02, -6.1462e-02,  1.3905e-03,
         5.7678e-02, -3.0304e-02, -6.0425e-02, -5.1270e-02, -6.7749e-02,
         2.5406e-02, -3.5034e-02, -7.9102e-02, -7.8491e-02, -1.9592e-02,
        -4.3762e-02, -7.4196e-03, -4.0558e-02, -2.7939e-02,  1.5259e-02,
        -2.0111e-02, -4.8187e-02,  7.9346e-02, -1.0443e-03, -1.0754e-01,
        -4.7424e-02, -7.9651e-03,  1.6479e-02,  5.1849e-02, -1.2978e-02,
        -3.0655e-02, -9.9658e-01, -4.1687e-02,  1.9730e-02,  6.4430e-03,
        -2.6901e-02, -1.0796e-03, -6.8115e-02,  1.0498e-02, -1.5579e-02,
         1.9547e-02, -5.0391e-01, -1.2805e-01,  6.2790e-03, -2.6505e-02,
         9.8572e-03, -4.4922e-02,  7.0435e-02,  4.0169e-03, -1.5045e-02,
         5.0439e-01, -7.4883e-03, -1.6222e-03,  1.7502e-02,  2.0325e-02,
        -5.5115e-02, -1.8356e-02,  3.7155e-03, -1.5839e-02,  8.6517e-03,
         1.1772e-02,  1.0095e-01,  8.1863e-03, -2.6611e-02, -4.8096e-02,
        -1.5480e-02, -2.5558e-03, -2.6611e-01,  9.9805e-01,  1.9722e-03,
         2.7599e-03,  3.6133e-02, -2.2797e-02,  9.5596e-03, -4.9866e-02,
         1.6464e-02,  6.1127e-02,  1.0674e-02, -3.5919e-02, -3.1204e-02,
        -5.3009e-02, -3.4302e-02,  4.4983e-02, -3.7445e-02, -5.4413e-02,
         5.7144e-03, -1.4656e-02,  6.5994e-03, -4.2152e-03, -3.2471e-02,
         1.3214e-02, -2.9755e-02,  1.1841e-02, -3.1494e-02, -4.0436e-02,
        -1.7944e-02,  7.9651e-02, -8.4829e-04,  3.4821e-02,  5.0240e-03,
         3.8452e-02, -8.0200e-02,  1.8463e-02,  3.3245e-03,  5.6366e-02,
        -4.1626e-02,  4.3518e-02, -2.0554e-02,  2.2858e-02,  3.0960e-02,
        -1.6678e-02, -1.9241e-02,  6.4697e-02, -5.6641e-02, -1.8616e-02,
        -2.2324e-02,  1.0101e-02, -3.6072e-02, -7.9346e-03, -4.6204e-02,
        -5.8441e-02, -1.3489e-02,  1.2744e-01, -2.1545e-02, -1.0712e-02,
        -1.0797e-01,  1.1273e-01, -2.4170e-02, -3.2532e-02,  2.7405e-02,
        -4.1718e-02, -2.8351e-02, -4.6120e-03, -6.6040e-02, -4.5013e-02,
        -6.5994e-03, -1.0391e-02, -9.7778e-02, -2.0103e-03, -4.3564e-03,
         1.7242e-02,  5.9128e-04, -6.5193e-03, -5.2338e-03,  8.6853e-02,
        -1.8784e-02, -1.3397e-02, -8.5693e-02, -2.9648e-02,  1.3512e-02,
        -1.9119e-02, -3.0426e-02, -2.4109e-02, -3.5828e-02, -2.8824e-02,
         4.6825e-04,  3.0289e-03,  1.3565e-02, -4.6356e-02, -1.2610e-01,
        -5.1483e-02, -1.4015e-02,  1.4374e-02, -4.6417e-02, -6.4697e-02,
        -5.2490e-02, -7.4402e-02, -1.8997e-02, -1.2035e-03, -3.3508e-02,
         7.9529e-02, -5.6976e-02, -2.7603e-02, -2.4719e-02, -1.1093e-02,
        -1.1398e-02,  2.7527e-02, -4.3610e-02,  4.1580e-03, -3.8261e-03,
         1.1246e-02, -1.0201e-02,  2.2568e-02, -6.0394e-02,  1.9531e-02,
         1.0605e-02, -2.2110e-02,  3.8910e-02,  2.2675e-02, -1.8265e-02,
        -1.4908e-02, -3.7262e-02, -8.6823e-03, -4.6814e-02, -3.1677e-02,
        -1.2642e-02, -2.9663e-02,  1.3100e-02, -4.7546e-02, -4.3274e-02,
        -5.3223e-02, -8.8348e-03, -3.1464e-02, -1.5945e-02, -2.4155e-02,
        -4.0436e-02,  6.6528e-02, -5.1727e-02, -4.2755e-02, -2.0004e-02,
        -7.9041e-03, -3.0960e-02, -1.3481e-02, -5.1208e-02,  1.9836e-02,
         1.1261e-02, -2.4017e-02, -5.4199e-02,  8.8501e-03, -4.8981e-02,
         2.0924e-03,  7.2136e-03, -1.2184e-02, -3.3508e-02, -2.7084e-02,
         2.5238e-02,  5.2246e-02, -9.3765e-03,  5.1208e-02, -1.4966e-01,
        -2.9434e-02, -4.3793e-03,  5.7831e-02, -7.2388e-02, -7.6370e-03,
        -4.5685e-02,  3.1967e-03,  1.4313e-02,  1.9440e-02, -3.3386e-02,
        -9.6283e-03, -3.2227e-02,  6.1951e-03,  6.7711e-03, -2.8809e-02,
        -2.2793e-03,  1.7242e-02, -1.5850e-03], grad_fn=<SelectBackward0>)
