*CC(*)CCCC1CCCCC1

['*', 'C', 'C', '(', '*', ')', 'C', 'C', 'C', 'C', '1', 'C', 'C', 'C', 'C', 'C', '1']

tensor([   0, 3226,  347,  347, 1640, 3226,   43,  347,  347,  347,  347,  134,
         347,  347,  347,  347,  347,  134,    2,    1,    1,    1,    1,    1,
           1,    1,    1,    1,    1,    1,    1,    1,    1,    1,    1,    1,
           1,    1,    1,    1,    1,    1,    1,    1,    1,    1,    1,    1,
           1,    1,    1,    1,    1,    1,    1,    1,    1,    1,    1,    1,
           1,    1,    1,    1,    1,    1,    1,    1,    1,    1,    1,    1,
           1,    1,    1,    1,    1,    1,    1,    1,    1,    1,    1,    1,
           1,    1,    1,    1,    1,    1,    1,    1,    1,    1,    1,    1,
           1,    1,    1,    1,    1,    1,    1,    1,    1,    1,    1,    1,
           1,    1,    1,    1,    1,    1,    1,    1,    1,    1,    1,    1,
           1,    1,    1,    1,    1,    1,    1,    1,    1,    1,    1,    1,
           1,    1,    1,    1,    1,    1,    1,    1,    1,    1,    1,    1,
           1,    1,    1,    1,    1,    1,    1,    1,    1,    1,    1,    1,
           1,    1,    1,    1,    1,    1,    1,    1,    1,    1,    1,    1,
           1,    1,    1,    1,    1,    1,    1,    1,    1,    1,    1,    1,
           1,    1,    1,    1,    1,    1,    1,    1,    1,    1,    1,    1,
           1,    1,    1,    1,    1,    1,    1,    1,    1,    1,    1,    1,
           1,    1,    1,    1,    1,    1,    1,    1,    1,    1,    1,    1,
           1,    1,    1,    1,    1,    1,    1,    1,    1,    1,    1,    1,
           1,    1,    1,    1,    1,    1,    1,    1,    1,    1,    1,    1,
           1,    1,    1,    1,    1,    1,    1,    1,    1,    1,    1,    1,
           1,    1,    1,    1,    1,    1,    1,    1,    1,    1,    1,    1,
           1,    1,    1,    1,    1,    1,    1,    1,    1,    1,    1,    1,
           1,    1,    1,    1,    1,    1,    1,    1,    1,    1,    1,    1,
           1,    1,    1,    1,    1,    1,    1,    1,    1,    1,    1,    1,
           1,    1,    1,    1,    1,    1,    1,    1,    1,    1,    1,    1,
           1,    1,    1,    1,    1,    1,    1,    1,    1,    1,    1,    1,
           1,    1,    1,    1,    1,    1,    1,    1,    1,    1,    1,    1,
           1,    1,    1,    1,    1,    1,    1,    1,    1,    1,    1,    1,
           1,    1,    1,    1,    1,    1,    1,    1,    1,    1,    1,    1,
           1,    1,    1,    1,    1,    1,    1,    1,    1,    1,    1,    1,
           1,    1,    1,    1,    1,    1,    1,    1,    1,    1,    1,    1,
           1,    1,    1,    1,    1,    1,    1,    1,    1,    1,    1,    1,
           1,    1,    1,    1,    1,    1,    1,    1,    1,    1,    1,    1,
           1,    1,    1])

torch.Size([411])